estimate	std_error	zvalue	pvalue	adj_pvalue	symbol
9.22070837246406	0.840100655667164	10.9757185764145	4.875980707017e-13	3.82276887430133e-10	NKG7
9.13437104935746	0.859117968792519	10.6322663256546	1.17750526358487e-12	4.61582063325271e-10	CCL5
7.22207017647515	0.753988371847329	9.5784901281442	1.93809628156425e-11	5.06489161582123e-09	IL2RB
8.03352448374872	0.912324686148211	8.80555421301363	1.65707706163308e-10	3.24787104080084e-08	GZMA
6.78759625582174	0.801195299901121	8.47183733686335	4.28371312945611e-10	6.71686218698718e-08	KLRK1
7.71088048273914	0.938767897490725	8.21383060003426	9.01011771442049e-10	1.00913318401509e-07	CD8A
5.42503229438854	0.657670334616457	8.24886270345817	8.1411405422258e-10	1.00913318401509e-07	CXCR6
7.84139458160713	0.987940055877013	7.93711575409925	2.01740842219613e-09	1.97706025375221e-07	GZMK
6.78777723608762	0.866214867255956	7.83613568950891	2.71312680112806e-09	2.363434902316e-07	PRF1
6.59944688103804	0.84763331425423	7.78573325288	3.14685899439478e-09	2.4671374516055e-07	GZMB
7.17177906189345	0.936576885615591	7.65743760287187	4.59570784435246e-09	3.17054754294731e-07	GZMH
5.94431698725225	0.77814971967065	7.63904019623392	4.8528788922663e-09	3.17054754294731e-07	NCR1
6.08993335480835	0.806906167921141	7.54726335838781	6.37074608628718e-09	3.84204994742242e-07	KLRD1
6.82265943707033	0.918538311863124	7.42773529307835	9.09224455092558e-09	4.84938147203449e-07	GNLY
6.72529908266617	0.906258759643071	7.42094794792927	9.27815332659659e-09	4.84938147203449e-07	SH2D1A
6.93850002936724	0.946921946513913	7.3274255126426	1.22681785779418e-08	6.01140750319148e-07	LAG3
6.39307248583011	0.888459672265608	7.19568111575342	1.82088508859109e-08	7.93096616364121e-07	CD45RB
6.608386372422	0.917180727828176	7.20510818851398	1.77005923308591e-08	7.93096616364121e-07	CTSW
6.31337303758592	0.888939767628087	7.10213815097009	2.41248695127559e-08	9.9546829989477e-07	CD48
4.95024154469914	0.706513588611345	7.00657655350814	3.21824762113482e-08	1.26155306748485e-06	HLA-B
6.18700939554511	0.895114602549263	6.91197459847563	4.28386585468525e-08	1.59930991908249e-06	IL2RG
6.60753211260143	0.979205939052115	6.74784725978849	7.04768772362907e-08	2.51153962514781e-06	ITGAL
6.7628989168515	1.00773336201787	6.71100032186048	7.88318893283186e-08	2.68713918406095e-06	PTPRC
6.33708836038313	0.949385641912916	6.67493595923205	8.7975685192519e-08	2.87387238295562e-06	CD7
6.42569601198338	0.966075638324897	6.65133842224306	9.45296768815058e-08	2.96445066700402e-06	CD74
5.03415704437232	0.762421022677951	6.60285707585842	1.09579444854552e-07	3.18186239873959e-06	CD96
6.15119827400337	0.930641887857315	6.60962971284876	1.07340151768393e-07	3.18186239873959e-06	CXCR3
4.09532260397618	0.622135083879268	6.58269033541745	1.16529785497979e-07	3.26283399394342e-06	PSMB9
5.8070433669542	0.883932999579601	6.56955150414798	1.21295086780645e-07	3.27914993227674e-06	CD247
5.94668722500807	0.907260821362789	6.55455089097268	1.26975958044064e-07	3.31830503688489e-06	CD244
5.63398768763473	0.862128479721603	6.53497456603458	1.34794485756167e-07	3.40899602686564e-06	HLA-DMA
4.21324470203846	0.657986835883354	6.40323555467814	2.01628401550948e-07	4.93989583799823e-06	TLR2
6.28673859791488	0.988988340379599	6.35673682007401	2.32472842500155e-07	5.36055025059181e-06	HLA-DRB1
6.86997980037687	1.07916381281064	6.36602128316763	2.25956448083228e-07	5.36055025059181e-06	IRF8
4.77422596379456	0.755068070010901	6.32290803096155	2.57855579185265e-07	5.77596497374993e-06	LCK
3.14131338968217	0.497747964364751	6.31105220830236	2.67395729427706e-07	5.82328477420338e-06	HLA-E
5.38268272506677	0.859922174005509	6.25949985682342	3.13179154780352e-07	6.54621327395791e-06	CD2
6.45235693907776	1.03151116464292	6.25524682644747	3.17290949503062e-07	6.54621327395791e-06	CLEC4E
6.666545928401	1.07863030022275	6.18056615600755	3.99006887910479e-07	8.02106154158501e-06	LILRB2
5.60934790291849	0.913470593956239	6.14069893440622	4.50968828856091e-07	8.83898904557939e-06	ZAP70
7.52707705513142	1.23139880841368	6.11262330587113	4.91588693651556e-07	9.40013502006878e-06	ITGB2
5.70837809648887	0.944297605987993	6.04510491214933	6.04952432474046e-07	1.07791524331739e-05	CD3E
6.24428158384152	1.03200028561176	6.05065877490525	5.9471117321137e-07	1.07791524331739e-05	CD45R0
6.90651597821128	1.14061419921046	6.05508504364753	5.86673835395017e-07	1.07791524331739e-05	LY9
3.61784275601622	0.60095103397709	6.02019557579152	6.53104797058595e-07	1.13785369087542e-05	HLA-F
6.8029249644469	1.13216245955396	6.00878867431009	6.76420776012379e-07	1.15285627911675e-05	CYBB
5.36943775534711	0.907563730287376	5.9163203377981	8.98994559778381e-07	1.49959943588564e-05	CD27
4.27779921806532	0.72623289350187	5.89039584455878	9.73656697146309e-07	1.55785071543409e-05	B2M
10.5834697873928	1.79471766994854	5.89701096980689	9.54034541662316e-07	1.55785071543409e-05	LYZ
5.62795718171851	0.956803193730742	5.8820426380206	9.99013031451447e-07	1.56645243331587e-05	FASLG
6.27936949480587	1.07024643643621	5.86721831629301	1.04565199740615e-06	1.57652147301236e-05	FPR3
3.73581239697612	0.636058777019492	5.87337606515198	1.02601992821557e-06	1.57652147301236e-05	IFIH1
6.31651906841849	1.0789778315961	5.85416945876883	1.08850641059927e-06	1.61016797341478e-05	CCL8
6.17286190263473	1.06993982742017	5.76935426127529	1.41329385179106e-06	2.05189329593369e-05	IL32
6.14653196845479	1.07696748837022	5.70725860792361	1.71107922383002e-06	2.38275442537517e-05	CD3D
6.91511345922252	1.2112583078807	5.70903284149328	1.70175665196079e-06	2.38275442537517e-05	CTSS
2.96562776948156	0.519989585808737	5.70324454646363	1.73235972253041e-06	2.38275442537517e-05	PSMB10
6.63047523373866	1.16406392066129	5.69597177272877	1.77159270667486e-06	2.39470462419499e-05	KLRB1
4.70203465127305	0.831193784157207	5.65696560885702	1.997680377938e-06	2.65454477339558e-05	CCR5
4.6124167141182	0.825832639185691	5.58517125051663	2.49188085049673e-06	3.25605764464906e-05	ITGA4
7.06674441985444	1.26830711783629	5.57179276255279	2.59665683145796e-06	3.28351444494038e-05	HLA-DRA
4.78567416102852	0.858458941523116	5.57472690835692	2.57330712151734e-06	3.28351444494038e-05	SAMSN1
6.34663792636729	1.1474812844571	5.53092936009847	2.94471931019725e-06	3.66453958602325e-05	C2
5.60824719537527	1.01608125838024	5.51948690040355	3.05027675144268e-06	3.73658902051728e-05	CD274
4.64871822764082	0.843407196646046	5.5118313504168	3.12300048179877e-06	3.76681904266191e-05	TIGIT
5.66152946193168	1.04084954673781	5.43933508899134	3.90346842619058e-06	4.63684734262639e-05	CXCL16
5.73197421578138	1.06245284854698	5.39503868206526	4.47321298543921e-06	5.23432683669305e-05	HLA-DPA1
4.50576668429272	0.842440202403813	5.34847063499106	5.16175121692549e-06	5.95119552069056e-05	SELL
6.69335498919596	1.25338704050742	5.34021397451678	5.29441834046988e-06	6.01568692598317e-05	CD84
4.75056975474519	0.89074285673779	5.33326730471173	5.4086648049488e-06	6.05770458154266e-05	HLA-DPB1
4.7940184263223	0.907310928869378	5.28376576737177	6.29707459301698e-06	6.95338940975396e-05	PIK3CG
4.81966676240476	0.914629172763892	5.26953098143628	6.57846394866102e-06	7.16321629965311e-05	TBX21
4.69319025162094	0.899149815724562	5.21958651333207	7.66847106742146e-06	8.23572783131291e-05	ADAP2
5.81145345619065	1.11603515918631	5.2072315180713	7.96475799090175e-06	8.43833819576618e-05	CSF3R
7.91920026197368	1.52691991208342	5.18638875510388	8.49062600109644e-06	8.87553437981281e-05	C1QB
6.4555324957354	1.25021588242579	5.16353422355326	9.10701796120131e-06	9.24242395361376e-05	CD163
3.23711372300375	0.627300375561998	5.16038862578971	9.19526872936063e-06	9.24242395361376e-05	HLA-A
5.29242474131744	1.0243776450207	5.16647817047052	9.02518779539561e-06	9.24242395361376e-05	TNFRSF1B
5.92057343696679	1.1533508228862	5.13336733237061	9.98924648135411e-06	9.91337878655902e-05	IL10RA
4.76347360790126	0.928703801785017	5.12916346282379	1.0118752805842e-05	9.91637774972514e-05	XCL1/2
6.12050006182003	1.19798300669338	5.10900407403405	1.07633601916578e-05	0.000104178696176046	HCK
6.32804209619835	1.24416508504092	5.08617559862661	1.1542700552041e-05	0.000110359478448782	CCL3
6.08637940604254	1.199022335838	5.07611845428113	1.1903593561529e-05	0.000112438763279985	CMKLR1
5.12971401819548	1.0113382263965	5.07220421843753	1.2047063898199e-05	0.000112439263049858	CXCR4
6.1734690507056	1.22468548411049	5.04086080124441	1.32595956285372e-05	0.00012230027026792	IDO1
4.88467019225351	0.972159104335498	5.02455839838309	1.39374035805196e-05	0.000127057260547993	IRF5
4.12549362126719	0.826509501563121	4.99146545014296	1.54208788232409e-05	0.000138965160889895	CD3G
5.41435451890974	1.08733026182245	4.97949400381339	1.59952715548676e-05	0.000142503328397911	PDCD1
5.63124096042226	1.13218825923401	4.97376731695852	1.62774961369592e-05	0.000143388280577259	CXCL3
4.97195280184677	1.00117617840332	4.96611176843624	1.66625099725891e-05	0.00014514897576122	PTGER4
6.87807778459126	1.41511415778885	4.86044023143575	2.29973843866861e-05	0.000198131311639142	HLA-DMB
6.11332894628377	1.25967822552766	4.85308773494356	2.35179857734436e-05	0.000200414139634563	SIGLEC1
3.28469084694138	0.678928342748123	4.83805232470605	2.46191976011725e-05	0.000207542483003433	HLA-C
6.26935647456611	1.29759546517989	4.83151848384191	2.51135184619658e-05	0.000209457430576395	C5AR1
6.37368593441756	1.32647137460888	4.80499319956819	2.72232513095505e-05	0.000224663463438817	CXCL11
5.49399238917731	1.14578502734576	4.79495913985216	2.80662703332464e-05	0.000224777559268428	CD4
3.70662566955405	0.772170528977599	4.80026824445352	2.76170530172619e-05	0.000224777559268428	IRF1
4.63181537597497	0.966048994704211	4.79459675582309	2.80971949085535e-05	0.000224777559268428	PDCD1LG2
4.37110294530185	0.913148275532084	4.78684903911672	2.87664842184087e-05	0.000227807309365984	GZMM
5.54522750704267	1.17955948500453	4.70110034935742	3.73135086077438e-05	0.000292537907484712	CSF2RB
5.23790755982208	1.11800544277906	4.68504656542819	3.9172457718465e-05	0.000304071354963134	HLA-DOA
6.64401944422023	1.42696232639763	4.65605806215855	4.27638348557677e-05	0.000328694573793351	C1QA
4.4475164867987	0.961443301333432	4.62587495344802	4.6848779655726e-05	0.000356596536408633	MFNG
4.75944446481252	1.04017758790018	4.57560758871999	5.45230994324174e-05	0.000411020288028993	PIK3R5
5.17183026541858	1.13328830950681	4.56356094211305	5.65391522112845e-05	0.000422159003177591	CLEC7A
7.54645495519942	1.65628193229977	4.55626231744317	5.77961811986691e-05	0.000427473642073175	CXCL9
4.1621920722705	0.920796443120707	4.52020867735354	6.44213357561471e-05	0.000467651178081661	GIMAP6
3.91429447810466	0.865849946689796	4.52075384778768	6.43157899944724e-05	0.000467651178081661	SYK
5.21132374649357	1.15415374118669	4.51527691721152	6.53839198215334e-05	0.000470284340734699	CD38
5.20857973801794	1.15574665717973	4.5066794748323	6.70959735714323e-05	0.000478211302545481	CD79B
4.26113352370571	0.950010296262817	4.48535509611664	7.15353313554922e-05	0.000505258556600954	CD5
2.20910229623081	0.495378166943931	4.45942603780689	7.73243668206397e-05	0.000541270567744478	MYD88
4.78790716172707	1.07578653815789	4.45061077816197	7.93956690725388e-05	0.000550851367724517	HAVCR2
4.4007519783856	0.993599676565409	4.42909964866106	8.46820441456159e-05	0.000582374759738271	SEMA4A
5.71104906494617	1.29553990712803	4.40823862972041	9.01388317484778e-05	0.000614511687746144	CXCL2
4.69619674859437	1.07461221600267	4.37013154946558	0.000101013791845556	0.000668387706153635	CCL4
4.65585533358876	1.0657343285932	4.36868289654761	0.00010145170539832	0.000668387706153635	CD86
5.94371667804423	1.35997980515197	4.37044480773009	0.000100919341509645	0.000668387706153635	FCGR2A
4.88551306725642	1.11653732767156	4.37559313618715	9.93794489125994e-05	0.000668387706153635	IL4I1
4.19880776207238	0.964512184558867	4.35329675383289	0.000106219458901833	0.000688231865942457	CD69
4.50676365569217	1.0350250758898	4.35425552546904	0.00010591603550723	0.000688231865942457	GIMAP4
4.57997855871703	1.05919952665748	4.32399981632363	0.00011591414572963	0.000744890903705165	TNFSF13B
5.08803252099809	1.18452063578135	4.29543594877252	0.000126200759359683	0.000804401588113752	CD300A
5.00836323205673	1.17040919583891	4.27915574301935	0.000132459131043256	0.000837483538208974	TNFSF8
5.89995399296207	1.38295836815451	4.2661833709682	0.000137662986475847	0.000858771768333315	CXCL10
3.7400837698632	0.876859160329886	4.26531869548598	0.000138016891339283	0.000858771768333315	TOX
3.94796917221233	0.930672640477589	4.24205999027367	0.000147878494706807	0.00091288771535541	TYMP
6.30345243238269	1.49300673360009	4.22198526672627	0.000156943023655864	0.000941809922985265	CD14
4.59602247689244	1.08805145921775	4.22408557789789	0.000155969709943311	0.000941809922985265	ITGAM
7.12812910808956	1.68870170131704	4.22107060265897	0.000157368749886568	0.000941809922985265	PLA2G7
4.1537169434262	0.98320559322264	4.22466773181346	0.000155700980246834	0.000941809922985265	TRAT1
2.70646912626838	0.641647763977441	4.21799821991359	0.000158807077373919	0.000943217792887518	CD6
4.83742498954813	1.15399546961017	4.19189253072394	0.000171559447738033	0.00101129779719261	FCGR3A/B
4.26679467384101	1.01931480250085	4.18594399234916	0.000174602648879434	0.00102155579642893	TNF
2.89021197507152	0.692322645037982	4.17466046472155	0.000180521068212872	0.00104835938873253	STAT1
3.68253822538142	0.885658232119458	4.15796759046521	0.000189638557027259	0.0010908421799979	CD80
3.30279737465263	0.794663874916596	4.15621935123108	0.000190619105433306	0.0010908421799979	JAK3
3.91250921857864	0.948764320721253	4.123794638066	0.000209730982275892	0.00119151514568333	TFEC
5.84212819759015	1.41822324663103	4.11932903473981	0.000212505771179755	0.00119859370219373	ITGAX
7.38595096424265	1.80563064211695	4.09051042442614	0.000231295742955516	0.00129525616055089	TREM2
3.94468611884696	0.965515741959194	4.08557411072607	0.000234673183749821	0.00130484947560184	IL21R
5.79421627987771	1.42017382136392	4.07993457752447	0.000238590760563978	0.00131728983297295	TNFAIP2
4.51326213132721	1.11089276284828	4.06273430007359	0.000250937870434786	0.00137577126168442	TNFSF13
4.19312940713742	1.03520325821638	4.05053729676434	0.000260069316656804	0.0014159329462426	TNFRSF4
2.91297642366243	0.720733751286369	4.04168171459063	0.000266901629703926	0.00144310950129571	PRKX
4.8921346710262	1.21498151185212	4.0265095586258	0.00027901670124905	0.00149828146424147	CD45RA
3.55816670007221	0.884871410330966	4.02111160845548	0.000283455106133533	0.00151176056604551	SPIB
3.43681904951648	0.861517399072572	3.98926249570379	0.000311079129431601	0.00164787863158362	FPR1
5.14427895224489	1.29367515766365	3.97648429883693	0.000322885154288288	0.00169893933531556	SIRPB2
4.01530525816897	1.01072449109595	3.97270007162396	0.000326464514115706	0.00170632119377809	TNFRSF17
5.52103877824451	1.39432921074343	3.9596378930488	0.000339119085162216	0.00176072425673627	LILRA5
3.41676166127805	0.865193452573185	3.94913027961112	0.000349644468150479	0.00180342936203931	IRAK2
2.83549165760752	0.724592400968319	3.91322301174878	0.000388068712984255	0.0019885351044422	MAP3K5
4.29651669580009	1.09947938783149	3.90777375488059	0.000394248084865407	0.0020070811593148	BTLA
-3.3658373957645	0.867316831195716	-3.88074723642136	0.000426338114885579	0.00215644569077609	FZD3
5.12543683625777	1.32337535180249	3.87300309717626	0.000435992037473804	0.00219113947038117	PLAU
4.45988139963636	1.1561091198053	3.85766475087355	0.000455744171117671	0.00227581802647296	IFI27
4.64786896022775	1.21224073910792	3.83411381112969	0.00048777521369362	0.00242035295908733	CD79A
4.10149641598854	1.07663781097524	3.80954149499293	0.000523523348872098	0.00258139814789764	CSF1R
2.92154993332212	0.770371732956622	3.79238984030405	0.000549969256746373	0.00269484935805723	CD40
4.16730745795517	1.11088359955287	3.75134483903849	0.00061862397810494	0.00301242980642405	TLR8
3.95904200616816	1.05601415468369	3.74904255649302	0.000622711547023288	0.00301361637571764	MAP3K8
4.49294647744955	1.20019660959343	3.74350872310125	0.000632643872903122	0.0030429005911414	TLR7
4.61902103992749	1.23882894034876	3.72853821014798	0.000660288743930071	0.00315650228805595	PLBD1
-1.50648211390871	0.405818892346644	-3.71220301055352	0.000691787996620388	0.00328704114757809	TNKS
4.30980359509892	1.1645082470793	3.70096442503377	0.000714298848933152	0.00337355600941922	KIR2DL3
4.79786016864532	1.29846041964041	3.69503767390464	0.000726453909513702	0.00341041835364516	AQP9
5.21047521188953	1.41693882113584	3.67727606454648	0.000764091126060764	0.00354465942503928	CD68
2.21197975850921	0.60139114686252	3.67810495722991	0.000762293496878629	0.00354465942503928	TAP2
11.2649505751812	3.08870562088982	3.64714283517118	0.000832296794679356	0.00383835698252126	CHIT1
4.45154096678584	1.22309394991187	3.63957402218088	0.000850331805678696	0.00389859728451519	P2RY13
4.35504011326445	1.20391121151319	3.61740971561402	0.000905342296761282	0.00412667651547003	ALOX5AP
3.34893297956638	0.926453275816308	3.6147888587426	0.00091206984854321	0.00413331075871605	HLA-DOB
4.30887754436377	1.19328485842644	3.61093791975688	0.000922042529785751	0.00415449047903465	NFAM1
3.72001514351893	1.035279399538	3.59324752832812	0.000969222657352725	0.00434211750494021	IL7R
4.97799095866369	1.39315794190607	3.57317057092105	0.00102558914960981	0.00456853348462551	SERPINA1
3.92844453199572	1.10138116577935	3.56683467454784	0.00104402405569797	0.00462437773823281	CD8B
6.40138198503469	1.79597075122894	3.56430191341055	0.00105148235619846	0.00463124813067187	CXCL13
4.48651462157541	1.25963736197805	3.56175099040416	0.00105904601824463	0.00463850323074742	FCN1
3.35060912875924	0.942742947465818	3.55410680903632	0.00108202674367634	0.00471282759467916	TLR4
3.46403411672799	0.978056970583021	3.5417508600374	0.00112019148746127	0.0048521001445836	ICOS
4.50688081147278	1.29112395868527	3.49066468882049	0.00129219376974081	0.00556637316196039	MS4A4A
3.16115271777284	0.90901282484608	3.47756668703558	0.00134022689497508	0.0057417370801118	STAT4
2.14754439223218	0.619380414634419	3.46724620522549	0.00137927808278961	0.00587692400492964	TAPBP
4.47010599246294	1.29189466152391	3.4601164673829	0.00140689180957595	0.00596217934436509	SLC11A1
4.26694918803692	1.24032534637703	3.4401854323953	0.00148693011144945	0.00626749036223854	MS4A1
2.80629171960584	0.8234535003415	3.40795408416143	0.00162568557959665	0.00677945475746688	ADORA2A
3.01495401213285	0.884238490178475	3.40966158521816	0.0016180334328094	0.00677945475746688	EOMES
4.56924018597282	1.34681130467957	3.39263575387045	0.00169590338918527	0.00703485850328703	ISG15
4.0158915439894	1.18979667534597	3.37527547958701	0.00177899313865415	0.00734068747739398	IL10
3.20737804428249	0.951709166489122	3.3701241484461	0.001804389126803	0.0074064977770343	OAS2
4.02298353036662	1.19716924357247	3.36041336842371	0.00185320979873685	0.00756727334484215	TNFRSF18
2.38289935576774	0.711769020788308	3.34785483235643	0.00191822398357935	0.00779216374676793	TNFAIP3
2.57125487962301	0.77188515139468	3.33113660105669	0.00200816381818512	0.00811546615184091	TAP1
-2.80455110891362	0.843871700240757	-3.3234330622931	0.00205095059512352	0.00824587316193251	CCNO
4.66499536944736	1.41577441090433	3.29501319808964	0.00221645653971576	0.00886582615886304	LTB
1.75881677289957	0.535782360563925	3.28270749908296	0.0022920086157991	0.00912149621719032	IRF9
3.10254992105899	0.947923147187396	3.27299732078981	0.00235335312502523	0.00931832752535243	NLRP3
3.50597935347782	1.07463895868661	3.262471851721	0.00242161575515255	0.00954043593989747	C10orf54
2.96236169853553	0.912718822446342	3.24564545584321	0.00253467831802376	0.00993593900665312	OAS1
3.47033705289694	1.072944927936	3.23440370753489	0.0026129989853502	0.010191996042361	ATG16L2
4.53474998517928	1.40887976436677	3.2186919706505	0.00272633104636853	0.0105814036651135	MRC1
2.96985154253567	0.925507290785142	3.20889048860569	0.00279938416387294	0.0108114147018541	VEGFC
3.13340311495755	0.977106615293417	3.20681803389143	0.00281506742464946	0.0108186904947313	IL1A
2.94685353835014	0.924695067765805	3.18683817084713	0.00297061164665247	0.0113607781998806	TLR5
-1.1202865751607	0.352704080042133	-3.17627903546471	0.00305608013880392	0.0116309069360305	CNOT4
3.5189889592747	1.11601992820376	3.15315960794584	0.00325144138413631	0.0123146378993375	FCAR
2.01215686328629	0.639815580352817	3.14490132012215	0.00332405441406836	0.0125291281761038	BATF3
3.31400699467216	1.05448278596822	3.14277960605044	0.00334295700712393	0.0125400875291156	SSTR2
8.00306330308691	2.553286308129	3.13441672310983	0.00341846042835481	0.0127622522658579	HLA-DQB1
4.91974567334226	1.5720484700691	3.1295127135145	0.00346348494521585	0.012869062545257	FBP1
2.88618202901393	0.925408262956188	3.11882024890735	0.00356361085496182	0.0131786363692928	CTLA4
-4.83392270058249	1.55126726063404	-3.11611211249746	0.00358940219070925	0.0132116963263665	BMPR1B
4.16075807167017	1.34287247560324	3.09840148432641	0.00376248174772675	0.0137840452813915	CCL2
1.79785823141774	0.581219177101921	3.09325346142609	0.0038142553069063	0.0139087263284397	PVRIG
2.4937674379958	0.807155843453683	3.08957366563239	0.00385167539948679	0.0139801551536928	TLR1
-2.67508075154179	0.86705604239374	-3.08524549826851	0.00389613341429514	0.0140763529806792	LDHB
2.19578471467299	0.716266961056249	3.06559541910876	0.00410414965856583	0.0146989863422282	JAK2
0.792476200015997	0.258520576589223	3.06542794570354	0.00410596684814792	0.0146989863422282	VHL
11.0443912696173	3.607690690647	3.06134650020028	0.00415048886656819	0.0147908330517703	HLA-DQA1
-1.66469760752247	0.544435217099375	-3.05765967233272	0.00419109808855424	0.014867967879758	ROCK2
3.08639173974738	1.01171747794887	3.05064586410493	0.00426939149795211	0.0150774906954705	MS4A6A
-2.50480394422447	0.822391466679628	-3.04575624348039	0.00432478822767532	0.015204636639002	IRS2
3.01373880991408	1.00186529581005	3.0081277618039	0.00477437315757291	0.0167103060515052	DTX1
-4.03103189204821	1.34372180425961	-2.99990063365035	0.00487837533322379	0.0169232135453427	HEY1
4.53290434990598	1.51037952204643	3.00116909938258	0.00486220216272825	0.0169232135453427	LIPA
2.6633315385339	0.890353385960914	2.99131960469775	0.00498912354245327	0.0172311579616007	CSF1
3.32208493375349	1.11289058273319	2.98509573654102	0.00507092692794768	0.0174368715417148	TCL1A
3.1774734824851	1.06872751831504	2.97313714490549	0.0052316611936405	0.0179110147415465	PNOC
3.11242372233086	1.04798297962802	2.96991819794213	0.00527573881408666	0.0179833879575824	ICOSLG
-1.45648893718361	0.493760801769777	-2.94978647953248	0.00555942951804384	0.0188683668491185	GLS
2.95150706470927	1.00491521928681	2.93707071806908	0.00574594041854406	0.0194173158971489	CD28
3.14672442775168	1.07263281667248	2.93364549251199	0.00579717645187791	0.0195063791342158	CCR2
4.00572631997734	1.37714926535703	2.90870889651809	0.00618332331017594	0.0206599940203787	NOD2
-1.27615441552643	0.438824539462537	-2.90811999048513	0.00619272779947574	0.0206599940203787	SMC3
2.42433262704366	0.839590008381718	2.8875196260571	0.00653027098568116	0.021693781579551	RELB
3.45011053122224	1.19918335025913	2.87705006117432	0.00670835250825592	0.02219134331845	IL18R1
1.80574359346615	0.62939466321586	2.86901637239787	0.00684807361070068	0.0225583601293669	TNFSF12
3.0337249563173	1.06104262282424	2.85919235576254	0.00702263357598559	0.0230365888015594	LFNG
2.6080069483187	0.912773692994973	2.85723281502709	0.0070579463208844	0.0230559579815557	FOXP3
3.15088644917465	1.10645111076225	2.84774123187781	0.00723135616318123	0.0235244117507638	SIGLEC5
4.04865655198568	1.42318204565983	2.84479175684695	0.0072860486645774	0.023604389062102	SLAMF7
4.04953013234369	1.42774828571515	2.83630537179409	0.00744557701007856	0.0240219439337514	TNFSF10
2.80941273744762	0.999126676879433	2.81186840713957	0.00792335901097479	0.0254586617401813	CD19
-6.36671825733995	2.28320117453874	-2.78850516035942	0.00840675939603809	0.0269016300673219	BAMBI
3.90476901931288	1.40669622633443	2.77584381489948	0.00868007650051431	0.0276633332374115	CCND2
2.65705559333394	0.958397789575664	2.77239328203206	0.00875598420322614	0.0277922737462724	OAS3
-1.44580160101072	0.524048938028797	-2.75890569771801	0.00905866186914823	0.0286370601024686	ITGB1
4.02316998829043	1.46289554732556	2.75014165956381	0.00926052355978259	0.0291576324131307	IL18
2.96201037552193	1.07915078888963	2.74476042274836	0.00938653314858992	0.029436167953978	IL15
1.78202306316282	0.654373738890866	2.72324966185726	0.00990631938761544	0.0309424478083287	IL6R
2.43219243380889	0.896427148536524	2.71320702165212	0.0101580277025315	0.0316027528523203	TGFB1
2.43420292834027	0.899211377688945	2.70704195780573	0.0103154737521115	0.0319657368444879	IRAK3
-2.02790962100226	0.753338514428886	-2.69189691242541	0.0107119091923857	0.0330635307355526	MYC
-3.27172374984079	1.21779967330113	-2.68658616155809	0.0108542327659917	0.0331117450915856	FZD9
-1.14947533364057	0.4274613350125	-2.6890744015642	0.0107873334482395	0.0331117450915856	PMS2
-1.40382512810048	0.522427738750165	-2.68711828253785	0.0108398938450606	0.0331117450915856	UBB
2.12275674865006	0.791930358069767	2.68048411961882	0.0110199229328533	0.033486897594407	NFKBIA
2.43287830984614	0.90839625649554	2.67821261090598	0.0110821974077895	0.0335461110722277	IFIT3
5.16243063715605	1.93380020858673	2.66957807442212	0.0113219007833536	0.0341398854390356	MARCO
-3.0007330965904	1.13078723819541	-2.65366728172418	0.011776201786356	0.0353737249061422	PFKM
2.54771608827979	0.962042161158627	2.64823745896071	0.0119350552725921	0.0357140585256191	FAS
3.55583103309911	1.353034215128	2.62804221308085	0.0125434080468125	0.037391756306848	IL1RN
2.55038066825847	0.972862348430506	2.62152263613957	0.0127458281876138	0.0378512473450348	CD40LG
3.39402859661293	1.30090214158677	2.60898071277912	0.0131437234283583	0.0388855817654071	SIGLEC8
-2.5445393011505	0.983849015162503	-2.58631076713556	0.0138920909268818	0.0409451101002833	E2F5
2.32579975178117	0.900938585785829	2.58152973851433	0.0140548421137066	0.0411436535247433	IFNG
3.01225684095154	1.16697592867873	2.58125019284852	0.0140644121742745	0.0411436535247433	OLFML2B
2.5907373743044	1.00648048117193	2.57405625123281	0.0143127622106604	0.0417145188593226	CLIC2
3.09645780318249	1.21534761896417	2.54779600080311	0.0152539080374859	0.0442928292644034	NID2
-3.06276884348985	1.20857191558921	-2.53420487766065	0.0157629907095403	0.0456021576246479	PRKAR2B
-1.46675370241636	0.58324118980229	-2.51483216216874	0.0165155711967842	0.0476037052142603	RAD51C
-3.75900527336862	1.49975343140617	-2.50641551781226	0.0168526678799744	0.0483974051937725	KIT
2.53175449135824	1.01074006736834	2.50485220987642	0.0169159688334267	0.0484018962241114	FCGRT
3.14650672838743	1.25747120908028	2.50224951924648	0.0170218385417992	0.0485277142428021	ROR2
3.03851978599338	1.2154082613792	2.4999992862854	0.0171138591653783	0.0486132811074514	BCAT1
2.46612495989976	0.988724797137359	2.49424811336774	0.017351116280662	0.0487572586524696	ENTPD1
2.14841771789261	0.861234568872481	2.49457905609304	0.0173373826002623	0.0487572586524696	LY96
2.97753314555583	1.19337403553033	2.49505440616749	0.0173176735846245	0.0487572586524696	PRLR
3.41411402577507	1.37001833821746	2.49202067631971	0.0174438107981204	0.048842670234737	FCGR2B
2.77364538987373	1.11530142446606	2.48690204193147	0.0176585385317363	0.0492381056648764	BIRC3
1.98262957731103	0.797624289424883	2.48566850783917	0.0177106451498663	0.0492381056648764	CD15
2.81508614039633	1.1379222618995	2.47388264967872	0.0182156238404656	0.0504630709926681	ADAMTS12
3.51009908359463	1.42297084942944	2.46673997924978	0.0185280167265469	0.0511477644845521	CXCL1
3.01047945106672	1.22364582912867	2.46025392266521	0.0188159149760657	0.0517602713727561	SLC2A1
2.29495878247059	0.933927023205253	2.45732131681366	0.0189474186438111	0.0519397769816359	CDKN2B
-4.19059817416235	1.70760744620284	-2.45407583779332	0.0190939277328555	0.0521590220995078	CDK2
2.98208239554482	1.21613290513763	2.45210238366778	0.0191835180934139	0.0522217992542934	ICAM2
2.58525352967862	1.05828591056182	2.44286870294451	0.0196078128505815	0.0531921289787402	CDKN2A
2.46106878205066	1.01106173012977	2.4341429496444	0.0200165974128157	0.0541138357643016	TNFRSF10D
2.13413757478382	0.878412364837244	2.42953954226185	0.0202353668227517	0.0543704438551189	GLUL
3.02690201049641	1.24603417928043	2.42922871685944	0.0202502163337943	0.0543704438551189	IFITM1
2.43695156451228	1.00985430926498	2.41317142696158	0.0210309477470757	0.0560825273255351	GADD45G
3.42785565019371	1.41985056566623	2.41423691554841	0.0209783074078304	0.0560825273255351	OLR1
-3.92670322851792	1.63954952118164	-2.39498909779066	0.0219479155255304	0.0583293754983588	SPRY4
-2.93303098390413	1.23105357959654	-2.38253722869266	0.0225966345766444	0.0598505456354365	TYMS
2.83938585262549	1.20702047409231	2.35239245196791	0.0242395836596549	0.0639343074061332	EMR1
2.68877321441758	1.14353018967961	2.35129184929601	0.0243015607232496	0.0639343074061332	IL2RA
-1.90338840123084	0.811740645336642	-2.34482332770398	0.0246687161511953	0.0646831888379166	LDHA
1.76443257566745	0.755651928463054	2.3349805766475	0.0252370036778381	0.0659527029447503	NFATC2
-3.24099332128587	1.39826451708614	-2.31786853036921	0.0262531554662648	0.0683803119121316	NPM2
1.30937936701888	0.566470539390263	2.31146948688323	0.0266425115424356	0.069164665726058	NOTCH1
3.40138985003973	1.48304063669108	2.29352437545395	0.027762262973801	0.0718337101368317	CD209
2.1096766191486	0.922536949859603	2.28682072785233	0.028191292333434	0.0727038591756982	TNFRSF10C
2.84911157491478	1.24690273848869	2.28495093239433	0.0283120151634886	0.0727758029120494	TNFRSF9
3.35589761095807	1.47065144972918	2.28191228559021	0.028509194648306	0.0730431653734376	IL34
2.65816585199464	1.16913726880394	2.27361313587584	0.0290540248095296	0.0741965975591897	CX3CR1
4.33646840858327	1.91338149547663	2.26638985421098	0.0295358051456407	0.075182049461631	MMP9
2.53626294100447	1.12777530474644	2.24890803188379	0.030731563742217	0.077972640692227	DKK1
-2.25932393335121	1.0143223194583	-2.22742208271411	0.0322604102091753	0.0813653140762798	MFGE8
3.20065097240648	1.43707150200578	2.22720370415752	0.0322762916807691	0.0813653140762798	RORC
2.72123504265574	1.22850921931329	2.21507091674644	0.0331696807143081	0.0833494541026204	IFNA1
3.65252105458521	1.65098032641778	2.21233469360007	0.0333741825594612	0.0835953965706631	IL22RA1
3.28566256576151	1.48833870819034	2.20760405388941	0.0337303969174892	0.083951210105751	APOE
1.69438695362611	0.767302921231842	2.20823732940559	0.0336825160750057	0.083951210105751	CEBPB
2.42417599531219	1.09973028993771	2.20433684285398	0.0339783897337797	0.0842147425442551	PDGFB
0.968215372984581	0.439422234025416	2.20338275584066	0.0340511140134297	0.0842147425442551	HDAC3
2.16100114643138	0.989137344252576	2.18473315054574	0.0355007637986583	0.0875238956545537	IFIT2
-2.86262736855486	1.31260320389419	-2.18087793787346	0.0358071880758054	0.0877276107857232	CENPF
-1.18895872117855	0.545003887846438	-2.18156007267521	0.0357527993446997	0.0877276107857232	PTPN11
0.968661255295795	0.446863142466084	2.1676910965404	0.0368731596592559	0.0900578105073414	OAZ1
-1.99056141206708	0.91932918558819	-2.1652324795862	0.037074990478615	0.0902695420348888	GLI3
2.96471493285431	1.3726385392139	2.15986572441145	0.0375189614845066	0.0910676959871615	CDH11
2.29094841234973	1.07152816289478	2.13801978490293	0.039375203189932	0.0952782694472429	REN
-1.85719808808793	0.87623843174656	-2.11951224780917	0.0410108713947206	0.0989308405337259	PTCH1
-1.06815225440931	0.505831471606936	-2.11167614979744	0.0417213000733931	0.100335887293068	RAD50
2.02263250783602	0.964316402614544	2.09747807084073	0.0430361983395287	0.103181588679482	SIRPA
0.91671787402244	0.438383142071525	2.09113395576893	0.0436354372720386	0.104299337869751	BCL2L1
-1.1637711098375	0.557915454159004	-2.08592735899698	0.0441327041432897	0.105167294979754	AMMECR1L
2.15780910202656	1.03536073888059	2.08411331528713	0.0443071252007431	0.105262988355705	TGFB2
2.78186280957013	1.33802634662633	2.07907924726912	0.0447943314847791	0.106098960374824	MME
4.31291576345937	2.07763516497685	2.07587734177932	0.0451066616853748	0.106516936028114	CXCL8
0.763662608036466	0.368406467579073	2.0728805687228	0.0454007136590026	0.106889367893868	MAP3K7
1.19049788785109	0.577745237197865	2.0605931666787	0.0466240588030418	0.109440904495763	IGF2R
-1.25593065957585	0.610460157930433	-2.05735074314051	0.0469516598407641	0.109880899448236	ROCK1
3.17549592732348	1.55369087775475	2.04384023410912	0.0483385186197578	0.112789876779435	RRAD
5.35056149780342	2.63915149219329	2.02737944889885	0.0500765661264834	0.116498598941136	ARG1
2.48288222444567	1.23230930744523	2.01482063751761	0.0514390871634424	0.118962372672976	PTGS2
2.09521582185956	1.03924865763098	2.01608710915798	0.0513002352585064	0.118962372672976	TNFRSF8
1.01786874186632	0.505730889828043	2.01266871836207	0.0516757683391688	0.119158242287966	NECTIN2
2.17539599671442	1.08564534968209	2.00378143502521	0.0526633308123889	0.121079329492413	MERTK
2.41415891826737	1.20613697848822	2.00156280863993	0.0529124156567329	0.121296297879762	FCGR1A/B
1.68398039057222	0.844043641058811	1.99513426635114	0.053639947267426	0.122605593754117	TLR3
2.61288142538312	1.31341095561653	1.98938604418493	0.0542978398328933	0.123389873707213	COL10A1
-2.80631400373412	1.41037552994405	-1.98976367935527	0.0542544046234204	0.123389873707213	LAMA1
2.70965640000602	1.36593452376425	1.98373813156046	0.0549510726517986	0.12451341317633	ANGPT2
2.77549619729046	1.40489878934797	1.97558444660529	0.0559061585548254	0.126312473507156	PECAM1
3.82101968199793	1.94169317567923	1.96788026546021	0.0568217946711327	0.12764552155349	C1R
3.14903043469293	1.59928174212713	1.96902794032061	0.056684575496617	0.12764552155349	RASAL1
1.64664123868778	0.840256592431749	1.95968856837209	0.0578096050665966	0.129493515349176	APH1B
2.12558742111165	1.09210521777726	1.94632109297841	0.0594534842156289	0.132796386396163	CCR4
3.41102053832293	1.75709819483789	1.94128054330944	0.0600837624945791	0.133822925556108	MMP7
2.33139394962443	1.20555515858757	1.93387580237797	0.061020128056404	0.13552345721309	IL1B
-1.24383710476686	0.644704195668664	-1.92931442531842	0.0616031836152617	0.136431909475608	CTNNB1
3.01535466396075	1.56528973924261	1.92638754881238	0.061979835797668	0.136879412015132	CLEC10A
3.62349455926551	1.88252848004111	1.92480198715845	0.0621847055946921	0.136946093219771	CBLC
1.77514705801704	0.926762490832063	1.91542825219791	0.0634078459418877	0.139248602852773	CCL20
1.859870407207	0.974490469133824	1.90855679569668	0.0643175802003768	0.140595365994319	C5
2.4200738654473	1.2691278209952	1.90687953207863	0.064541335693181	0.140595365994319	MYCT1
-1.12157397507511	0.588213435699657	-1.90674661101721	0.0645590966300445	0.140595365994319	RB1
2.73462126809128	1.4376718064049	1.90211789360298	0.0651802133353039	0.141554812340383	EDN1
2.04041481699356	1.07465682508465	1.89866641086361	0.0656466955857928	0.142174058948236	CCL22
1.21396921897044	0.64080391189215	1.89444726606906	0.0662208231124006	0.143022383801989	TMEM173
2.31707498525001	1.22625373740769	1.88955590068034	0.0668918142518027	0.144074676850037	IFIT1
-2.03201471984667	1.08007311622044	-1.881367741989	0.0680281090767212	0.146120650729176	UBE2C
2.75196134103585	1.47210952080671	1.8693998660696	0.0697186565413106	0.149342695979201	IL1R2
-0.755936029946901	0.40589956564259	-1.86237210860317	0.0707280278567525	0.150273099836569	FAM179B
1.07992428163923	0.579506925173143	1.8635226512894	0.0705619295880873	0.150273099836569	NFKB2
1.15148148837694	0.617575555359757	1.86451921288588	0.0704183303617773	0.150273099836569	NEG_F
2.05507577207877	1.10601336249555	1.85809307714131	0.0713487057463488	0.151182122446318	SELE
1.3678792084986	0.740333991748628	1.84765149749202	0.0728828179358229	0.154016520920984	IFI35
-0.609862432700883	0.330499949401113	-1.84527239355405	0.0732362722386338	0.154347412459916	WHSC1L1
-4.07949545790059	2.22113982467924	-1.83666755805872	0.0745268817974009	0.156646314555395	COL11A2
3.54395326324968	1.93144163199601	1.83487463692457	0.07479821977848	0.156796268198739	LAMC2
-0.972274788078122	0.532082006207372	-1.82730251490442	0.0759534642765216	0.158793375980781	MSH2
-1.70068004368032	0.93285008221278	-1.82310113501432	0.076600967966212	0.158933252516784	ANLN
3.73109151457148	2.04676314609457	1.82292295114399	0.0766285324634492	0.158933252516784	HLA-H
-0.884157619412763	0.484760360972724	-1.82390659508258	0.0764764708463825	0.158933252516784	PARP4
2.49377450450557	1.38134007827062	1.80532987041661	0.0793919177212713	0.164230246684635	FCRL2
3.23507287864446	1.79589786179737	1.80136796610846	0.080025741400973	0.165105740153586	DPP4
2.69778479277586	1.50226821666598	1.79580767458631	0.0809224960114505	0.165794182822156	A2M
2.0567690127595	1.1472607393189	1.79276509887416	0.0814167862073088	0.165794182822156	CD200
1.35455069639222	0.75469164344062	1.79483992987766	0.0810794376759786	0.165794182822156	DDB2
-2.37616068019359	1.32236173453483	-1.79690671481012	0.0807445735418093	0.165794182822156	GNG4
-0.812725911249611	0.45309251113817	-1.79373062072476	0.0812596538286913	0.165794182822156	MRE11A
1.60624064220459	0.90004079699261	1.78463092736648	0.0827507959184884	0.16807415544066	DUSP2
0.765268452504785	0.429621810514502	1.78126071297061	0.0833088974053424	0.168770479498161	RBL2
0.797654133328903	0.449169353474596	1.77584273539271	0.0842127620978226	0.170161869805909	SMAP1
1.60420270211929	0.90421651593865	1.77413559014016	0.0844992678294606	0.170301866268116	MICB
-1.26469110329389	0.714235254957162	-1.77069263175723	0.0850795908272893	0.171031792842551	TGFBR1
2.97281879949689	1.68278384475982	1.76660764170885	0.085772482825543	0.171609610087879	MMP1
2.6132822067672	1.47942477765652	1.76641776333283	0.0858048050439393	0.171609610087879	MX1
-1.32467277668486	0.750564138900804	-1.76490283511924	0.0860630525677771	0.171688125224268	CDK6
-2.20859584505124	1.25669699695915	-1.75746090775693	0.0873411860426036	0.173795659536551	MELK
2.66403179267455	1.51841754456447	1.75447906421463	0.0878577705958652	0.174380992777616	S100A12
1.91926415750989	1.09851360459089	1.74714646180887	0.0891390237906517	0.176477259221896	WNT2B
-0.692441490391672	0.399089163114611	-1.73505460531089	0.0912861178459207	0.180272837257435	BRD4
2.74143416072284	1.58388284732051	1.73083139662796	0.092046149808402	0.181317038818561	THY1
2.14786345868494	1.24240480888267	1.72879519084973	0.0924144850503587	0.181586356590179	HSD11B1
2.13734352532793	1.23856595464885	1.72565983854602	0.0929840592283153	0.182248756087498	CDH5
2.871574668753	1.66890821572805	1.72063067440788	0.093903796484658	0.18359245996003	WNT5A
2.23130081336088	1.30905304465012	1.70451520087733	0.0969023465172191	0.1889836807699	IL6
1.10278162021116	0.649020279001015	1.69914817131537	0.0979185169614366	0.190491606197931	PDK1
-1.38412265550841	0.816545474070933	-1.69509561862831	0.0986916748955443	0.191047587945943	CD276
-2.16855623252731	1.27869013316788	-1.69592004839737	0.0985339775598063	0.191047587945943	SOX2
2.31598181025496	1.36803674059719	1.69292369241776	0.0991081273961146	0.191381211523532	PPARG
-2.25983942591499	1.33849852951388	-1.68833911736587	0.0999919881168322	0.192363042811349	NKD1
2.6665529379404	1.5799515436564	1.68774349355635	0.10010729778958	0.192363042811349	THBD
0.975983629781762	0.579388976027746	1.6845050046914	0.100736187188686	0.193098217007163	HDAC5
2.08960548061749	1.2431796360462	1.68085562217159	0.101448796502021	0.193989893798987	AXL
0.61804270331507	0.368393500294963	1.67766994482861	0.102074273576505	0.194711023075377	ICAM3
2.25870917631491	1.35191211727232	1.67075148410696	0.103443664570187	0.196844254910259	HLA-DQA2
1.68622147407336	1.01621803088078	1.65931072155046	0.105741531798689	0.200729687482257	TGFBR2
-2.01477760196389	1.21889018873266	-1.6529607183554	0.107035028623083	0.202694353721007	EXO1
2.92206836616387	1.77393834186817	1.64722093051249	0.108215438231181	0.20414504188436	C1S
1.83635118156346	1.11516638926547	1.64670599763414	0.108321858959048	0.20414504188436	TGFB3
2.37516003045883	1.44802945690233	1.64027052014525	0.109659166182641	0.206169751288227	TNFRSF25
1.63575243505694	1.0057459247151	1.6264072216055	0.112586206891667	0.211166474170017	LRP2
2.1412940660229	1.31949953813265	1.62280774198167	0.113356594804877	0.212103986460677	TNFRSF11A
1.11151318863837	0.688697740146101	1.61393471162338	0.115274159185947	0.215178430480435	ADA
3.37657494259681	2.10244579392689	1.60602235375122	0.117006455729665	0.216684496948439	CXCL12
2.99981454200085	1.86494934666298	1.60852333462489	0.116456614160091	0.216684496948439	HDC
1.83547008721134	1.1434487071601	1.6052054418514	0.117186513655788	0.216684496948439	TDO2
2.13875006830861	1.33061831214276	1.60733551371653	0.116717492755679	0.216684496948439	WNT10A
2.24098397014715	1.39916827690639	1.60165435933271	0.117971853956297	0.217623372945263	WNT4
0.768001118305573	0.482652619431589	1.59120884749374	0.120306900216406	0.22140988208841	PRKCD
-0.771855128307293	0.487076354937285	-1.58466967341635	0.121787798269141	0.223610383707275	HES1
2.00374279508353	1.2693468957369	1.57856201627238	0.123184353424524	0.225646105338381	FST
-1.67829157696525	1.06583391084928	-1.57462767874213	0.124090845997083	0.226776744199798	UBE2T
2.25030909512477	1.43030107107821	1.57331148009867	0.12439531326107	0.226804478131812	MRC2
-1.57116478288565	1.00197000535995	-1.56807566541998	0.125612495298651	0.228492334835596	FGFR1
2.17799195025643	1.390687157379	1.56612645676634	0.126068095363108	0.228790247140456	NOTCH3
1.71478718397339	1.10051902533244	1.55816223481951	0.127943571761358	0.23027280890369	CXorf36
0.869536323520834	0.558285293873667	1.55751249954579	0.128097568737157	0.23027280890369	JAK1
-0.885726860295011	0.569074586664213	-1.55643369261478	0.128353593738409	0.23027280890369	RPS6KB1
3.84684152987778	2.47110420255041	1.55672979144606	0.128283281632409	0.23027280890369	SERPINB5
-1.43947659239075	0.923737222737918	-1.55831827164461	0.127906611046941	0.23027280890369	VEGFA
-1.83420929153352	1.1838833896962	-1.54931584267281	0.130053222885451	0.232789330461629	EGR1
0.818410993244946	0.529384315647697	1.54596758735405	0.130859004616244	0.233698085692792	CD47
1.67373202817888	1.08805146676999	1.53828387654083	0.132723400834723	0.236488968760051	DLL4
-0.752442203124762	0.490304821764492	-1.53464165499515	0.133614616974985	0.237537096844417	RICTOR
1.89471233179408	1.23740658893077	1.53119625250362	0.134462108042254	0.238502924672234	CLEC14A
2.89934926399392	1.90414592445609	1.52265077311346	0.136582798845553	0.241512018010599	F2RL1
2.03835955461225	1.33936686500979	1.52188291935783	0.136774663261104	0.241512018010599	TNFAIP6
1.89973062629815	1.24955815599548	1.52032189713067	0.137165385527626	0.24165766798575	VCAM1
2.33235425938389	1.53760303411357	1.51687672802265	0.138030882487903	0.242637246346449	COLEC12
1.95967654500696	1.29360757492966	1.5148926018878	0.138531322526111	0.242972162998817	BLK
2.14660902260899	1.42548225697815	1.50588266679625	0.140822173893904	0.246438804314331	CDH13
0.941354000384312	0.629963949661087	1.49429820689065	0.143812103678403	0.251110666556498	STAT2
2.22171579778958	1.48852786973717	1.49255908670482	0.144265316054585	0.251342239526211	COL6A3
1.54889315963838	1.03933102747166	1.49027895703866	0.14486124225495	0.251820873454282	ULBP2
2.13049935332783	1.4401407323652	1.47936885989526	0.147739905694731	0.256256827576701	SELP
1.54835340502742	1.04855797002248	1.47665026569225	0.148464260328381	0.256553964739058	ALCAM
-1.54114315200625	1.04394365376851	-1.47627043513594	0.148565688764709	0.256553964739058	EFNB3
3.04429753024257	2.0765245272632	1.46605421235013	0.151314528190087	0.260372247267261	F13A1
2.20787334813721	1.50647641612512	1.46558772809479	0.15144100096157	0.260372247267261	PDGFRB
2.33808332715604	1.59957513228517	1.46169022008728	0.152500971307105	0.261620922329913	IFI6
2.46353400508383	1.6957169918009	1.45279785305889	0.154941370939544	0.264933318481592	PTX3
0.642971445074519	0.442758024478295	1.45219602926934	0.155107644366136	0.264933318481592	TBC1D10B
-1.15782213555353	0.798794619208086	-1.44946161092245	0.155864895104868	0.265647995135253	CEP55
0.797435969032819	0.551538735638463	1.44583855585357	0.156872737684794	0.266785740444422	HDAC11
-2.05279957081519	1.42437264357	-1.44119558886649	0.158171812121284	0.268412772084602	CD70
1.80430950325532	1.25438291225918	1.43840408349131	0.158956935843824	0.26916250043533	MMRN2
-1.74408184000833	1.21644633967747	-1.43375156233423	0.160272304301941	0.270804927958452	PDE3B
-0.720262368267032	0.50612973217048	-1.42307855572576	0.163322181020703	0.275364709505873	IGF1R
-0.762267721869731	0.537896879790973	-1.41712612678837	0.165042824723364	0.27766861498523	SMAD5
1.2186712488776	0.863385458395829	1.41150309751787	0.166681280563388	0.279824676577508	NEIL1
1.44276097052064	1.02668555117778	1.40526081122459	0.168515070700858	0.282298750917677	DAB2
-0.376867194529997	0.269595714872369	-1.39789756936015	0.170698402255499	0.284293363928635	MLH1
1.971219599658	1.41045385474231	1.39757822847607	0.170793589809167	0.284293363928635	THBS1
1.43057072843519	1.02249271603766	1.39910114370193	0.170340018873203	0.284293363928635	TRIM46
-1.02649180349636	0.739837075358026	-1.38745655994546	0.17383212131301	0.287739906567437	BRCA2
-1.51489455734202	1.09219655144813	-1.38701642605761	0.173965198613476	0.287739906567437	CCNB1
1.73525112743013	1.25019020053207	1.38798970483981	0.173671027690845	0.287739906567437	FGF9
1.02309742079268	0.738611964210284	1.38516226431096	0.174526687120665	0.288060889900213	PFKFB3
3.14141185446122	2.28298461317497	1.37601096228697	0.177318612138286	0.292054184698353	PDZK1IP1
-0.855057279571855	0.626180347932092	-1.36551279898133	0.180563996173462	0.296776044025146	SFXN1
1.39919223786752	1.0267249790053	1.36277217996884	0.181418748985661	0.297557111307025	PIK3CD
4.33702866722299	3.19127492999859	1.35902696018262	0.18259187541868	0.298856013211367	S100A9
1.66865755067701	1.230178577801	1.35643522069764	0.183407118894304	0.299564960860696	CTSB
1.62656743826434	1.20460349888906	1.35029280569452	0.185350462744377	0.301074062121814	CXCL6
-0.886237356759761	0.655836620096076	-1.35130813011011	0.185028142850088	0.301074062121814	HELLS
-2.45259671798491	1.81690613798454	-1.34987529994561	0.185483127557189	0.301074062121814	NEFL
-2.13169775614757	1.60351507462696	-1.32939053076472	0.192082524849491	0.310025206647281	DUSP5
-1.08606816794236	0.816846423027936	-1.32958673420697	0.19201847302764	0.310025206647281	MKI67
-0.717251356110029	0.539660107061356	-1.32907981658255	0.192183992896146	0.310025206647281	NUMBL
-2.30307361859472	1.73848500062218	-1.32475898139499	0.193599281024774	0.311028353121769	IRF4
-0.811835208239158	0.612422968385035	-1.32561195472465	0.193319259856441	0.311028353121769	DNAJC14
1.86893609421551	1.42604688503556	1.31057128193152	0.198302559895541	0.316787133230838	HNF1A
2.21305449046187	1.68897815241182	1.31029195807044	0.198396023490232	0.316787133230838	TWIST2
0.77641705534775	0.591771667636543	1.31202133831222	0.197817900689072	0.316787133230838	G6PD
1.29848785645462	0.999377724525358	1.29929637672415	0.202101938502535	0.322048617451194	ITGA2
-1.20536080920347	0.929366562681924	-1.29697027804087	0.202892615973746	0.322652760493747	PVR
-1.14113522536585	0.886350661382583	-1.2874534595437	0.206151995751064	0.327172398115049	SLC1A5
1.72962353069479	1.34964811622932	1.28153665381097	0.208198307753885	0.329752471270799	KIR3DL2
2.60890246671154	2.04503542457399	1.2757248287056	0.210223215707766	0.332288308699372	ITGB4
2.04658991649629	1.61113694547725	1.27027682050333	0.21213481925796	0.334635207843542	ASS1
-1.6151478365371	1.27328576135044	-1.26848810028637	0.212765293077323	0.334955802756268	PPARGC1A
1.15346366976733	0.924363659176554	1.24784618944763	0.220143267433767	0.345713180838158	IL16
1.53214209811455	1.22874565338344	1.24691557922967	0.220480344922295	0.345713180838158	OGDHL
1.8156458218674	1.4576832789986	1.24556949237609	0.220968594999718	0.34578718259437	DUSP1
-0.38127536673184	0.307810371588871	-1.23866965483896	0.223483976641159	0.349026768300137	POS_E
-1.96454135921309	1.60813974444175	-1.22162353489688	0.229789631883631	0.358161175739099	ITGB3
1.44508633879192	1.18832704115462	1.21606787420054	0.231873006691816	0.360691343742825	TIMP3
1.19350164147877	0.983457481415594	1.21357726595443	0.232811509747277	0.361434106221515	SMO
-1.51365976037018	1.25401587372391	-1.2070499202496	0.235284440181609	0.364551385577829	CCND1
-0.726544744776421	0.604307379372231	-1.20227680411775	0.237104995482046	0.366647566978154	EPM2AIP1
0.914344934468092	0.763378269558237	1.19776128156912	0.23883682894922	0.368598570661789	PCK2
1.95306358367049	1.63348190772846	1.1956444539912	0.239651888284923	0.369129823998781	FGF18
1.57566108672526	1.34237032404896	1.17379016691358	0.248186289497412	0.381525590129354	FAM129A
1.31146578608314	1.12122532250446	1.16967192923697	0.249819040678822	0.382535406039446	CES3
1.6359111813384	1.3984664246399	1.16978938679893	0.249772364376356	0.382535406039446	IL17A
1.28373315168616	1.10077506682726	1.16620842020544	0.25119825530795	0.383897528579792	WNT5B
-0.905268479796791	0.779459256943423	-1.1614057716714	0.253119881915671	0.38605496440675	BRIP1
-1.08588626473736	0.93592895536712	-1.16022296191426	0.253594778915148	0.38605496440675	EIF4EBP1
-1.16038529797241	1.00494207260394	-1.15467879155034	0.255829374429561	0.388701995257318	NEG_G
-0.896642723731371	0.780418883760816	-1.14892494580664	0.258163520243932	0.389544348853966	EZH2
1.71511730462385	1.49505239812114	1.14719544731628	0.258868119582801	0.389544348853966	HGF
1.56811571420275	1.36642554076842	1.14760421802487	0.258701460819644	0.389544348853966	IHH
1.48990514916343	1.29778602165449	1.14803605856689	0.258525480501728	0.389544348853966	NOX4
0.429222020830598	0.372899933293741	1.15103807351043	0.25730451213319	0.389544348853966	SDHA
-0.302511658281847	0.264055512881497	-1.14563659353557	0.259504386984322	0.38975371531745	POS_A
-2.22161334009733	1.9420827184502	-1.14393342723846	0.260200846744706	0.390052512137379	STC1
2.78809374023009	2.45718897362741	1.13466801705291	0.264013278543727	0.39501223354634	TPSAB1
-0.798640320837996	0.719303418296113	-1.11029685182064	0.274232431416164	0.407282983001999	BRCA1
1.88148507751517	1.69478446893141	1.11016185952039	0.274289809434059	0.407282983001999	IL33
-1.34791642983885	1.21612215134303	-1.10837256631686	0.275051149877865	0.407282983001999	PKMYT1
0.570714273745826	0.515217923329674	1.10771432417859	0.275331608406964	0.407282983001999	SBNO2
1.3339234290344	1.19817412537116	1.11329680785853	0.272959514889246	0.407282983001999	SOX11
1.60511724676122	1.44695430930189	1.10930748569085	0.274653156338643	0.407282983001999	TREM1
1.29711825533776	1.18779150482541	1.09204203773828	0.282069256018657	0.415057395200774	FAM30A
1.27241600963775	1.16406861046426	1.0930764717814	0.281620982511993	0.415057395200774	MAP1LC3A
1.59200356935093	1.458149738083	1.09179704098422	0.282175499543383	0.415057395200774	VTN
-0.985320085494624	0.904708175996044	-1.08910266496689	0.283345788974285	0.41599831190232	CDC20
1.50966652484731	1.39745778743867	1.08029490294251	0.287195285903909	0.420861876913392	VCAN
1.56155913175425	1.45469324413131	1.07346283352457	0.29020651948956	0.424481177760849	WNT2
1.18540833434019	1.1076956286537	1.07015709340746	0.29167144648918	0.425829448878058	ATF3
-0.585291862464682	0.551213186948343	-1.06182485528876	0.295386799281859	0.430452138730442	KRAS
-1.38079141983123	1.30333235639145	-1.05943155102374	0.296460056544463	0.431214627701036	ANXA1
0.832359550597289	0.787461408998581	1.05701630719378	0.297545905627262	0.431992574095877	PPARGC1B
1.45641573580937	1.38495211364484	1.05160006722287	0.299991008447394	0.433954392973865	CXCL5
0.733118357926658	0.697975862721589	1.05034915543933	0.300557698194909	0.433954392973865	WDR76
-0.920596010334949	0.875765403775401	-1.05119020044213	0.300176605020562	0.433954392973865	NEG_C
1.50230271773342	1.43482716513901	1.04702695504645	0.302066333186665	0.435330891945488	PRKAA2
1.28665714765737	1.23549549995649	1.04140982116299	0.30462904220765	0.438218658882198	BID
-1.45686171578474	1.40355711382752	-1.0379782207878	0.306202024350814	0.439674701631939	ANGPT1
1.5846810563152	1.53076285308161	1.035223093587	0.307468977290507	0.440686797432829	TWIST1
0.486174107486649	0.473576431879156	1.02660114557962	0.311457146120972	0.445588325837303	STK11IP
-0.746446428570041	0.728159217049282	-1.02511430342785	0.312148478250937	0.445763947083306	PRKCA
1.20591611547996	1.18352422219918	1.01891967469763	0.315040109625059	0.449075356265538	PITX2
1.67509112957901	1.64921896094662	1.01568752800268	0.316556125196748	0.450417426777224	ADAM12
0.649057808418141	0.641884750611694	1.01117499332958	0.318681029204014	0.452619432782512	POLD1
0.356592674024879	0.354597635020441	1.00562620504878	0.321307207785863	0.455524142683756	TMUB2
1.11352825877433	1.1108793733549	1.00238449419708	0.322848270719911	0.456829021335435	ATM
1.35849296099801	1.35680894889646	1.0012411563934	0.323392993419855	0.456829021335435	EPCAM
1.21176091621709	1.21732598668644	0.995428446833288	0.326172003712145	0.459653016630053	IL2
-0.347839174859757	0.34972427244625	-0.994609760502731	0.326564706968035	0.459653016630053	NBN
0.911768753163526	0.92323007676085	0.987585625852295	0.329947159263055	0.463581671796121	ICAM1
-0.475710618627439	0.482760398082352	-0.985396939179525	0.331005929511708	0.464237296488693	MSH6
2.17720084808794	2.21612347759242	0.982436615153428	0.332441616657627	0.465418263320678	CPA3
3.11247934046363	3.1762376944251	0.979926453844	0.33366226468906	0.46629450181145	COL17A1
-1.09102426094144	1.12152337837271	-0.972805633819669	0.337141374308559	0.470318216117278	ARG2
0.989327127860189	1.02639131665174	0.963888832465513	0.341532121452491	0.475597128274872	LOXL2
-0.834703692885536	0.870162933415079	-0.959249883937968	0.343831416134661	0.477950053633997	NEG_H
1.2565357234591	1.31211779035746	0.957639422842353	0.344632044296925	0.478215084475733	IL4
-0.427152379862376	0.447864666237374	-0.953753247495482	0.346569126040866	0.479807055998618	ITGAE
1.23587604093006	1.29698456874025	0.952884151991454	0.347003317284715	0.479807055998618	VTCN1
1.7300862421999	1.83934760686982	0.940597761803244	0.353180050047391	0.486849881675363	CCL13
1.71082929025778	1.82068848242795	0.939660632101287	0.353654129850547	0.486849881675363	COL5A1
0.402300601855628	0.429369349767337	0.936956962749258	0.355024223427909	0.486849881675363	IKBKG
-0.467420232717673	0.498048674500663	-0.938503115556531	0.354240278395672	0.486849881675363	NRAS
-0.255485479027207	0.272777603127215	-0.936607243770144	0.355201699385596	0.486849881675363	POS_C
2.16055523620314	2.30982727292729	0.93537523845453	0.355827384176759	0.486856316220906	CCL21
1.84479411378668	1.97847008967426	0.932434674355074	0.357323701383231	0.48805188481612	CCL14
0.497933262176463	0.538586233430232	0.924519104406266	0.361372052802961	0.492722938082647	NRDE2
0.40867334420962	0.444600439226154	0.919192398732069	0.364113156708149	0.495598463297202	NOTCH2
0.861182061535063	0.94539101706688	0.910926850359676	0.368393323926364	0.500555226964072	KLF2
-0.629902863153054	0.696403973920085	-0.904507852830458	0.371739708382534	0.504228254968696	ETS1
0.349522333608994	0.387363907518698	0.902310016046403	0.372889997065526	0.504914952848657	RPTOR
-0.728769419528049	0.80893619344159	-0.900898520101475	0.373629946359923	0.505044617148586	SLC16A1
0.732919933155932	0.819560778223844	0.894283807412453	0.377110186439178	0.507982184847725	SGK1
-1.70300587758216	1.90304672508826	-0.894883901236413	0.376793598694499	0.507982184847725	SLC7A5
1.01484005417137	1.13634004789305	0.893077786049198	0.377746956334469	0.507982184847725	TSLP
0.760979648694927	0.856304649898164	0.888678636493947	0.380075520709157	0.508613260793853	GAS1
-0.977452598430272	1.09889480528326	-0.889486958834347	0.379646970183807	0.508613260793853	IFI16
0.87307552991565	0.982623597227193	0.888514719552156	0.380162462787242	0.508613260793853	TNFSF4
1.33627657534409	1.52172917553569	0.878130351199769	0.385696309212403	0.515137830362052	TNFSF18
1.18462458707105	1.37401527326633	0.862162604826761	0.394305028691496	0.525740038255328	CEACAM3
0.82351374549953	0.961029193173268	0.856908147379301	0.397164175339069	0.528653163778999	TNFRSF10B
0.859244454644803	1.01322011978583	0.848033352147037	0.402022786112285	0.534213329342426	CPT1A
-0.364227128031482	0.433280650838222	-0.840626340749005	0.406106161582312	0.536909326611353	AKT1
-0.953837948610634	1.13427161569881	-0.840925520315511	0.405940729709898	0.536909326611353	IL12RB2
-0.606016117086302	0.720807147141744	-0.840746542940606	0.406039690526264	0.536909326611353	SLC3A2
1.01014578037788	1.22331272953734	0.825746153038004	0.414387031056703	0.546935071293695	PRKAR1B
0.8856723857407	1.07803682828576	0.821560416585256	0.416735038440941	0.549109697710417	GLI1
1.81772762502462	2.24513908691163	0.809628069646701	0.423473288655608	0.556167038095545	CCL19
0.978180971982199	1.20828174328322	0.809563644754099	0.423509849162041	0.556167038095545	CLEC5A
-0.701612093658772	0.871051625113929	-0.805477050303425	0.425832883619539	0.558282576517923	SMAD9
-1.43450333852159	1.79650394154192	-0.798497184086538	0.429818481511606	0.562567094332385	CDH2
1.44490410221517	1.8349992286343	0.787414010680836	0.436193318468258	0.569959269465191	BMP2
1.52749019892256	1.94650164516279	0.784736145853505	0.437742055819187	0.571031234213382	CD36
-1.39382756035484	1.80069318921376	-0.774050553811126	0.443954784887226	0.578173673341503	ITGB8
0.694270640883201	0.901476124246498	0.770148673059434	0.446236400416176	0.580181323260833	NFKBIE
-1.02573493056161	1.33627335244613	-0.767608609932945	0.447725428217928	0.581153535964993	FEZ1
0.627589431412437	0.832291103201643	0.754050390540325	0.455723102918476	0.590556880476174	HK2
0.475249479272862	0.63381767844391	0.749820485347852	0.458235270954753	0.592832429750043	TNFRSF1A
0.334625263746817	0.455371336753018	0.734840418663218	0.467196848780228	0.603415748750526	CCND3
0.742807820110675	1.01257825110433	0.733580658384237	0.467955070459592	0.603415748750526	CDKN1A
0.960809886034456	1.31718435307733	0.729442225600175	0.470450894803296	0.60525136909346	KIR3DL1
-0.209462431013543	0.287461932901204	-0.728661457534734	0.470922621360983	0.60525136909346	POS_D
0.610609518180688	0.842628849743983	0.724648246219211	0.47335162204966	0.607377531402509	NEG_A
0.630499267220023	0.872745542576481	0.722431953486341	0.474696108438133	0.608107433031857	NEG_E
-0.281641903210049	0.390932808219259	-0.72043557687818	0.47590905404641	0.608666718388884	DHX16
0.588193825510471	0.818480580240574	0.718641150090066	0.477000809803906	0.609069437925509	NEG_B
1.01231840043742	1.41807821594215	0.713866406702293	0.479912782333838	0.611791254227202	INHBA
-0.962082446927419	1.36513260979989	-0.704753838580156	0.485498203576958	0.617906804552492	MET
1.42598233325344	2.02806416540944	0.703124860433375	0.486500513184469	0.618156748142267	CRABP2
-0.5084779088131	0.725123850161685	-0.701229050319779	0.48766847068154	0.618156748142267	ENO1
1.2822146838232	1.83018189673813	0.700594124610481	0.488059983545999	0.618156748142267	WNT7B
1.11524385089071	1.60201695524587	0.696149842383875	0.490805392464674	0.619631928651054	CEACAM6
2.65552040785137	3.81265112339802	0.696502334439833	0.490587328828771	0.619631928651054	S100A8
1.94187130723935	2.80322656469935	0.692727206460252	0.492925571966768	0.620310832137955	COMP
0.731602623276579	1.05459359994842	0.693729435976438	0.492304203710024	0.620310832137955	MGMT
-1.46700019655042	2.13421170528851	-0.687373325202577	0.496252310122544	0.623496492205247	RELN
-1.0883578013158	1.58981006129954	-0.684583541021345	0.497990730937659	0.6246795728882	RRM2
-0.673218526504501	0.996220694963885	-0.675772476829451	0.503503349311731	0.630585664313733	FGF13
0.443864286225089	0.659374532025557	0.673159584828921	0.505144531671703	0.631632077879769	HRAS
-0.651880327289925	0.970886313208153	-0.671428073937803	0.506233726119828	0.631986052990358	NEG_D
1.82420154773252	2.72903350698894	0.668442341605855	0.508114899472314	0.633326043221453	SPP1
-0.540580147094612	0.815650072176076	-0.662759883846262	0.511705689145205	0.636789302047366	FANCA
-0.17364975371695	0.264087692580025	-0.65754580238278	0.515012613092419	0.639888888533212	POS_B
0.980347074806012	1.49478915450649	0.655843047730485	0.516095051062635	0.640219177267572	IL1R1
0.854336602796706	1.30700903555358	0.653657763302954	0.517486031969115	0.640930567241369	FSTL3
0.537385891982716	0.827153176962106	0.649681228277909	0.520022361416295	0.643056043139393	CDC25C
-0.855128605501702	1.32778483307934	-0.644026489983717	0.523640561929157	0.645546700368277	KIF2C
-0.455038807183752	0.706626071683129	-0.643959833097984	0.523683292645694	0.645546700368277	TPI1
-0.570449424550269	0.887672123976127	-0.642635280687952	0.524532789659603	0.645578818042588	SNAI2
1.17906645422429	1.89824864624187	0.621133831207302	0.538424873632922	0.66163808922917	WNT11
0.733283310880733	1.19314320791053	0.614581138306844	0.542696509949824	0.66584360532185	MCAM
0.641972857234023	1.05081676795852	0.610927496409501	0.545085903771479	0.667730232120062	SYT17
0.73682474516038	1.22102884618336	0.60344581331024	0.549995671701829	0.672693614062768	FAP
0.326078424321236	0.54469152450718	0.598647876183243	0.553156170073419	0.67550535410835	TICAM1
0.267703752190025	0.452312283061339	0.591856030037815	0.557645903303187	0.67992906405863	CHUK
0.719791015164951	1.22056162029512	0.58972116048587	0.559060962257022	0.680595954052027	TNFRSF11B
-0.56840046375538	0.969849349326966	-0.58607088219405	0.561484683711562	0.682486809348627	ITGA6
-0.324036603658608	0.56023854839726	-0.578390409916665	0.566601616181628	0.687416729263177	DNMT1
1.04364659009087	1.80763856197475	0.577353577227705	0.567294163052647	0.687416729263177	MS4A2
1.61364613353452	2.84119168251751	0.567946944045925	0.57359650901344	0.691845635486979	CXCL14
-0.649312766070781	1.14172705302298	-0.568711028044381	0.573083292398978	0.691845635486979	HMGA1
2.46543121259891	4.32498064773835	0.570044449537167	0.572188209787281	0.691845635486979	SFN
0.188584667157009	0.334042983061559	0.564552098740704	0.575879485005516	0.693532283017396	ARID1A
1.20228828036318	2.15729827228582	0.557312030426494	0.580763190836213	0.698341014747839	CCL18
1.65772025399974	2.99628524910601	0.553258490490631	0.583506257548016	0.700564940149533	SPINK5
-0.22014056148791	0.41012529292636	-0.536764167645318	0.594732516462287	0.711863042605241	EP300
0.546462608633941	1.01768992869205	0.536963758043929	0.594596059731854	0.711863042605241	RNLS
-0.258187231995854	0.486414163093519	-0.530797109923409	0.598818964936869	0.714863017798153	APC
-0.381474530538825	0.71916336975177	-0.530442103399255	0.599062503435442	0.714863017798153	PPP3CA
0.576910564794961	1.09956356081832	0.524672320320994	0.60302718206956	0.718500472253093	SNAI1
-0.329739102048943	0.645099741459713	-0.511144371725865	0.612370752136629	0.72852605413523	CD44
0.607981837022122	1.19797919614866	0.507506172875705	0.614894947574878	0.728664948037376	EIF5AL1
0.407358426773707	0.800308754408836	0.509001587861688	0.613856845644203	0.728664948037376	PIK3R1
0.675258629564253	1.33198168774692	0.506957892721836	0.615275759694826	0.728664948037376	TPM1
0.632802817996909	1.26200823437496	0.501425268679266	0.619124516455993	0.732117075266212	PF4
0.446365801180734	0.89458612462954	0.498963474719194	0.620840571083522	0.733040674291387	DUSP10
-0.466586634624556	0.959573088364173	-0.486243976912657	0.629741138287615	0.741316895521757	BLM
-0.658606922592547	1.35349590037958	-0.486596909830201	0.629493405099611	0.741316895521757	CNTFR
0.373956175656403	0.77232243914647	0.484196958034366	0.631178851741599	0.741895381957141	ZEB2
-0.252646787218605	0.529414939112454	-0.477218847738144	0.636090805097222	0.745433768604219	PTEN
-0.199524535959281	0.417462601232259	-0.47794589352514	0.635578247048043	0.745433768604219	ABCF1
-0.431685439144184	0.914075177658953	-0.472264699551056	0.639588242185957	0.74730154282949	BNIP3
0.202415071731475	0.428608654182291	0.472260813579807	0.639590988824729	0.74730154282949	MTOR
0.310722913591457	0.662437628234877	0.469059878768369	0.641855183641013	0.748831047581181	RAD51
0.977050940811095	2.10443209467556	0.464282474727097	0.645240959474071	0.751662573889556	COL11A1
0.261679812602372	0.573689825680459	0.456134658292034	0.651033055692661	0.756162838019328	BAX
0.3455315809598	0.757218928923254	0.456316618301047	0.650903462756738	0.756162838019328	BBC3
0.182534822868894	0.40274207913747	0.453230075337095	0.653103201740285	0.757445133379266	NFKB1
-0.320790077842106	0.717211717118654	-0.44727389442389	0.657356975631467	0.761252391277799	BCL2
0.287859527715705	0.660102042688074	0.436083376660192	0.665380268051026	0.769407271610626	HK1
0.843408413926755	1.94015614039845	0.434711617464738	0.666366559096707	0.769412934214754	LIF
0.340365126217928	0.794414410912484	0.428447824639757	0.670877830055576	0.773482674652311	PC
-0.334038317222368	0.801760452336192	-0.416631072596607	0.679422056058548	0.782183394933776	CCNE1
0.207680101985427	0.507432195882228	0.409276556889245	0.684761655909709	0.787174689491513	PIK3CA
-0.408062620532033	1.01700231574713	-0.401240601140868	0.690614820140541	0.792705005937956	CDKN1C
-0.303713054524552	0.759476422589887	-0.399897936908775	0.69159467354791	0.792705005937956	IFITM2
0.583486742236554	1.4916207241884	0.391176344478609	0.69797258512526	0.797682954428868	LAMB3
0.444267566935073	1.13413770131997	0.39172277441973	0.697572333389071	0.797682954428868	PRKACB
-0.123976248192716	0.318991254738046	-0.388650931181561	0.699823548452871	0.798634151363975	COG7
0.336426800566385	0.872778704584106	0.385466325884633	0.70216030737217	0.800136164214798	KAT2B
-0.23466375816275	0.616432037621013	-0.380680665249626	0.70567738650005	0.802976881010216	GOT2
-0.534534362515067	1.43516424321796	-0.372455184165209	0.711737759727985	0.804183994197372	IL11
-0.553927152827274	1.49350560420533	-0.370890575346726	0.712892698937722	0.804183994197372	ITGA1
0.203655034238783	0.547795465088538	0.371772033939469	0.71224195262072	0.804183994197372	MAP3K12
0.596822371489397	1.58006875787563	0.37771924070685	0.707857090214275	0.804183994197372	NT5E
0.409133372853737	1.0874385122262	0.376235868284784	0.70894983985299	0.804183994197372	RUNX3
-0.391435911007986	1.04959786100193	-0.37293893742726	0.711380809387359	0.804183994197372	ZEB1
-0.477454393196529	1.2974796442829	-0.36798603762328	0.715038544557274	0.804649923801526	GHR
-0.146864546054952	0.399573415785209	-0.367553346276418	0.715358414400082	0.804649923801526	HDAC4
-0.483380702725421	1.37332237053248	-0.351979049564306	0.726906086439014	0.81418132024846	EGF
0.188454390943558	0.535498612938534	0.351923210238435	0.726947607364696	0.81418132024846	PIK3R2
0.0984813543742319	0.279352256876212	0.352534665284166	0.726492988055276	0.81418132024846	CNOT10
0.483735700693301	1.38676659284012	0.348822724163411	0.729254370565254	0.815599752529471	DLL1
-0.241448169332454	0.700594833123449	-0.344633100212873	0.732375511134185	0.817923647762394	MAML2
-0.147711418393633	0.43362255075168	-0.34064514896095	0.735350704191427	0.820078167974507	POS_F
-0.263278646202502	0.779947792034726	-0.337559319856091	0.737655718855937	0.821480232362293	ITPK1
-0.399412175841261	1.20556390185912	-0.331307345239286	0.742333265922812	0.82434742278114	CEACAM1
0.0968873609326647	0.292008552016719	0.331796313030988	0.741967073949517	0.82434742278114	ERCC3
0.54898926700234	1.68686564561022	0.325449313898229	0.746725097652697	0.826882029039145	CDH1
0.227639564769036	0.697638806674493	0.326300031751601	0.746086768633986	0.826882029039145	TCEB2
-0.259590656261346	0.802048594837025	-0.323659511321872	0.748068651941395	0.827201443049441	HMGB3
-0.199843602534909	0.632630710423684	-0.315892983445382	0.753907957262067	0.832484279568254	EIF2B4
0.322537403009591	1.03412605605295	0.311893701083841	0.756920593762853	0.834635366399546	TNFRSF14
0.187656206094394	0.631893708393196	0.29697432274104	0.768192927846084	0.845875358751868	VEGFB
-0.431862840589265	1.49034866927926	-0.28977302391803	0.773652376624658	0.85069209435306	RASGRF1
0.120843663206538	0.434858283272733	0.27789205783795	0.782685011490263	0.859418836146171	TBP
0.181253263296735	0.658577754020942	0.27521923142726	0.784721321240615	0.859719355555231	NFIL3
-0.231991298281162	0.844666323329106	-0.274654371642056	0.785151860430542	0.859719355555231	SERPINH1
-0.322839239558754	1.18195617599349	-0.273139771267232	0.786306634831715	0.859782987040536	IL1RAP
0.1607877510826	0.60759245869573	0.264630919593292	0.792803064046384	0.865679111716386	TTC30A
0.400692755168785	1.5614449488216	0.256616639268123	0.798935638602533	0.871162087154917	CHAD
-0.178714481067375	0.700772235451517	-0.255025059536251	0.800155078300548	0.871279974149485	RPS6KA5
0.148437187708578	0.603520632526411	0.245952134373936	0.807116201791103	0.877640918452461	PKM
-0.248172796016062	1.01958258399502	-0.243406272244911	0.809072383138535	0.878549512992537	ACVR1C
0.564308666218334	2.36669517384926	0.238437409453337	0.81289391480156	0.880508108613405	G0S2
0.265246195745729	1.11382148994717	0.238140669882667	0.813122283974624	0.880508108613405	USP9Y
0.194913936746555	0.840976508486082	0.231770964800714	0.818028335850728	0.884598917664787	GK
0.342400399494462	1.48734385249191	0.230209308305408	0.819232292242487	0.884680602091061	CCNA1
0.671428792628687	2.95658582763903	0.227095992395003	0.82163382073194	0.884924011776591	PLA2G2A
-0.193740639349912	0.853518363746701	-0.22699059279691	0.821715153792549	0.884924011776591	SREBF2
0.13011161431034	0.580927720985657	0.22397212184948	0.824045242864826	0.886216008787413	E2F3
0.327157653163326	1.49326053200097	0.219089466407402	0.827817792119649	0.887837413162523	CD1C
0.117791063239087	0.536303412433619	0.219635117935533	0.827395991008749	0.887837413162523	IKBKB
0.415004709318759	1.92364175333548	0.215739083745279	0.830408844565504	0.888909993199139	AREG
-0.143588928436161	0.668276492574862	-0.214864550873119	0.831085491090522	0.888909993199139	BRD3
0.187106278545859	0.89177698728635	0.209812858162238	0.834996642663611	0.891876522954047	FOSL1
-0.293796233853918	1.41336505697167	-0.207870027920045	0.836501971199204	0.892259475504478	GPC4
-0.100944840171149	0.48904315899366	-0.206412948049148	0.837631344351142	0.892259475504478	POLR2A
-0.237226999683422	1.19744882824471	-0.198110344331927	0.844073223568843	0.897901502412446	JAG2
-0.114718647841379	0.585217222929989	-0.196027463557926	0.84569102830648	0.898403477225313	TCF3
-0.235357081501424	1.22889645107957	-0.191519050522659	0.849195094251074	0.900905215010612	PLCB4
-0.148795553996052	0.789109693807555	-0.188561305435363	0.851495629899015	0.90196862939595	FYN
-0.118697416008061	0.633821637359636	-0.187272584291267	0.85249841120204	0.90196862939595	TP53
-0.258127689738466	1.39641371179696	-0.18485044049467	0.854383803953234	0.902745151346813	DEPTOR
-0.354106152153016	1.93558653295331	-0.182945141498129	0.85586749532762	0.903095715123626	ANGPTL4
0.155157255292618	0.855638154998583	0.181335129091894	0.857121655852904	0.903203465307361	PIK3R3
0.121157814597079	0.701068360488312	0.172818831123243	0.863761823521173	0.907975142646435	CX3CL1
0.116453052505133	0.674867201139005	0.172556989447094	0.863966143385511	0.907975142646435	H2AFX
0.128724965639954	0.776550874840509	0.165765012712647	0.869269319395879	0.912325497197281	ALDOA
-0.112912125485336	0.750136223211726	-0.150522161164142	0.881192905642294	0.923603259389784	PGPEP1
0.152179945219886	1.03814249109504	0.146588687511832	0.884274508817432	0.924643711698191	HIF1A
0.250476045180849	1.73047856814085	0.144743800814563	0.885720481163397	0.924643711698191	PHGDH
0.222096878441569	1.55057436696745	0.143235231520006	0.88690315203704	0.924643711698191	TGFA
-0.15305696754747	1.05824312496398	-0.144633084720186	0.885807270113	0.924643711698191	TNFSF9
0.227405763425393	1.63073797043488	0.139449603521987	0.889872115311391	0.926506956711993	LTBP1
0.177932327403859	1.34776471901641	0.132020318452699	0.895703339476877	0.928836319843421	BMP4
0.10948888425056	0.841475017362067	0.130115430632505	0.897199440161767	0.928836319843421	FLT1
0.117641644916845	0.902771299432135	0.130311680257053	0.89704528782561	0.928836319843421	MAPK10
0.193952066946309	1.50673907967499	0.128723061320043	0.898293249656514	0.928836319843421	NGFR
0.0678111312874039	0.531658809931837	0.127546332385798	0.899217814746373	0.928836319843421	RPL7A
-0.193333098238834	1.50257472748356	-0.128667875682043	0.898336606237132	0.928836319843421	SHC2
0.0647610609426256	0.555879974785474	0.116501877887611	0.907902300971735	0.93657289994979	BAD
-0.0657154314106287	0.580378554109758	-0.113228565985574	0.910478430041667	0.937996174970653	SREBF1
-0.181777497680667	1.63697847238323	-0.111044525476271	0.912197839129511	0.938534259681806	COL4A5
0.176709651170839	1.71336669230172	0.103135920620383	0.918427496522379	0.943161933898667	FZD8
0.120680540793878	1.17989847772357	0.102280444523255	0.919101680482885	0.943161933898667	JAG1
-0.0446736834655572	0.585122871073635	-0.0763492347916361	0.939563995385249	0.960847989421542	DTX3
-0.0791120201271546	1.08852318997229	-0.0726783047489955	0.942464418195365	0.960847989421542	DTX4
-0.0698072881701664	0.927136216965988	-0.0752934540715146	0.940398089956939	0.960847989421542	IL11RA
0.185193794957602	2.54220205625773	0.0728477874139625	0.942330491154654	0.960847989421542	SFRP4
-0.0363969677721477	0.481058621756158	-0.0756601506055053	0.940108382267026	0.960847989421542	ZNF143
-0.0589531452862163	0.833810754686807	-0.0707032680435503	0.944025237585509	0.961189332814336	ITGAV
-0.11482535084128	1.76034584931378	-0.0652288587984237	0.948352670427453	0.9643430526785	IER3
-0.0703879158626258	1.31808815255875	-0.0534015238100613	0.957707236575899	0.970080715084631	NCAM1
-0.0312470038994544	0.582309091728187	-0.0536605118197948	0.957502325864002	0.970080715084631	PRR5
-0.0669531679201704	1.23489016533109	-0.0542179133009933	0.957061321052209	0.970080715084631	ZIC2
-0.0580573106957925	1.44065176148043	-0.0402993369029948	0.968077153227222	0.979319339522764	SFRP1
-0.0459132727235174	1.20613363154804	-0.0380664890876056	0.969844984883908	0.979843386789927	ID4
-0.0551506515153358	1.72572529522541	-0.0319579551090327	0.97468210904643	0.98346302894775	CAMK2B
0.0360757815435751	1.19394682771589	0.0302155679852097	0.976062027546898	0.983589498196359	BMP6
0.0161107704187637	0.73494556370587	0.0219210390733257	0.982631996244979	0.987463265556787	GOT1
-0.0553122703136147	2.6860839484836	-0.0205921599527225	0.983684707142667	0.987463265556787	PLA1A
0.0120715737000943	0.534637258618738	0.0225789982001663	0.982110786009706	0.987463265556787	TCF12
0.0211584797364566	1.46243555692591	0.0144679740835435	0.988536515044615	0.991064741425804	PROM1
0.0110342219303962	1.81551492242754	0.00607773684153599	0.995184253043633	0.995184253043633	C7
0.00914120285942716	1.22280402416125	0.00747560743897397	0.994076657499942	0.995184253043633	NOS2
